116 Ι 11111

a 111 111111 universale 1111111111,1111111 (1) 1111111 1111111111111111111111,01111-
111111 111111, 111111 agione 1111111111 11 11- 11111111 1111, 11 111111111111111111111111

. 11111111111111111111111,11111111111111 11- 1 11 1111111 1111 111111 111 1111111111 11-

111111 superiore, 11111 11111 (1111111111111 11111111111111111 111111111111111111111,1111
1111,111111111111111111,1111ξ1111111111.(11- 1111111, scrivendo: 0111111 1111111111 [u
(11111111111111111111,111 111111111111111 111111, 1111111111. 11. 11.
111111111111111111111111 11111111,11111- (8) 111111 111 11111111 1111111 (111111. 131
do 111111,111111111111 11111 (11111 111111, 1 135 11111111111111111111111111111111-
1111111111111111111, ’111111111111111- 11111111.

111 1111111 111111111,1111111111111111111111 (9) 1111111111111. (11111. 135 11111111
11111111111111111 11111111 11111111, 1111 11 11. 1111111111111111111111111. 11. 11.

111 1 11 sole 1111111111 1111111. Ha 11111111 (111) Ε (111111111111111111 11111111 11111-
11111111111111111 1111111111111111111111111 mn 111111 11 111111 111 virgilio, e 11111111·
1111111111111 111111, 1 1111111111, che 111 (111111 di 8111111 siccome ancora 1111-
11 111111 disseminato, 1111 111111111111111 1111111111111111111111111 (1111111111111
111 11111 1111111111, 1111111(1111111111- 1111111111. 0111111111111 1111111111, 11
cuni) 1111 111 11111111 1111 1111111, 11111111 1111111 G' 111, 111111 1111111ιί 11111 111

’ 11111111 111... 11 111111111111111111 11- 1111111111 degli 1111111 111 111 lenivi

1111 111111, 111111111 111 11111 (111 11111 111111 1111111 e 11111111. 1111111111.
’ del 11111,111111111111111111...111111,1111 (11) 111111111111111111. Β1111.,(11111.
11 1111111 1111111111, 11111 11111 il ‚ 135111111111111111. 11 1111111111 11111111-
33¹21Q¹sssffissssussffcssifflyeff mfi‘ss'ffi'ne 11111111. 1 111111 A..
11111111111111111111...1111111111111111- 1111 111111 1111 111111111111. 11 Ι.
11111111111111111111311 111.1111“11111.ῖ11111
(11 (1111111111 11)1111111111,111-· 1111111111111111 1,1 1111111111111,
. 1111111111111, d 1111111 11111111111111 1111111111. 1111111111.
11111111111111111111111111,1111111111- (11) 1111, 1111111111 mem 1111111-
1111111111111111,111111111111111111111111, 11111. E 1111 111111111111111111111111ἱ 11111111
11111111111111111111 W, ffvffissfflssw]
11111. 11). 111111. 1 (111111 dmm! delli 111 1111 11·
ν(12)Ι]11’11111ἓ1111ἰ11.1(1.,1111.(111(1. 1111 11 11111111111111111 111111111111 1111 11-
a· r 0 ⁰ 1 ⁰„ 0
(3)0111111111111111111111(111111. 15 01111111111111111111. P.
1111111·ζ 111111111111111111111111 [111 16 1111111111, 11. 111. 11. 11.
11. E 1111111 (1111111111111 111111111111111 11 111111111111111111111111111,1111.(1κ111.
1111111 ad un oggetto per 1111111111, 1 111 111- 131 1 11. 111. 11. 11.
11 111 11111111. enacim& del 1111111111- (18) 11111111111 decorem· 1111111111 quui
1111 1 del 11111111 caso. 8111111. chela 1111111111 1111111111 il 11111, 111
(1) 111 1111111111-111 1111111111- 11111111 1111111111 alcun 111111 (111111 111·
da [111111. 1- 111111111111111111111. V. 1111, 1111 11111111 111 hu 1111111111 nocato
il 811111, 111. 811. 11. 11. · . 111111111111111111111111.1>.
(5) emb, 111 11111111, 11111, 111 11111- (19)11111111,11(1.111111111.,111. 11111.
gerlo. P. 11111111. 134. 11 11111111 Hism- 11. 11.
(6) 11111111,1111111111111 1111111111. (111) 111111 1 11111 leggono 1111111111.
111. 11 111111 11111111.111(111111111.1111111 1111111111111111 1111111111 nante 111111
11ηᾶ111,1111111111 1111111111 di 11111111. 1111 ι1311ἱεΕ11 11611111516 , il 111111 111111 ohim
11. . men 1. . 11

1111111111111 msa 1111

111111111111111111111111 &mmmm

{sseffiipfflle'biffee'fflssffl 1191ιῖ1ᾞῷ fflgtfflffissff 1111111111·
1111111111111111111111111111,1111111111 · · ·

il 11111,111111111111 1111111 11111111 21 11111,1111111111.Ρ.

pmcn: pensando 111111 queste 1111, 11111, 12 111111 11111 11111111111111111111 11·
111111,1111111111111 1111 mente 1111111111· 1111111111. v. il 811111, 111. 151. 11. 11.
11111111111111111111111111111111 11111111- (23) 11111 1111111111 111 1 codici (111111
111). 11 secondo 111111111,11111111 1111111111 111

 

