01. 10011010 11.ι 3119

...1. noto· ⁰
essere 11010 111001111110010001111001110001110 (31)μωὶ 11001. 110111.,11 1000010 11010,
0110001 nmmuenoi3 1100110010 001 neoto 11 111. 11111. 0111 11011. 1110115 00000-
10 001010 101111010111, 0100111 11110010101· 10. Atto· 001. 010 stampe: 010 1000110110.
10 10110010 questa 10010001 10000100 001 10 1111.
111101111001010100000000110. 11010000101001- (31) 1011001010 00000110. 11100011.
derio oonecapiooo 1101111010 11001010. (31) ci 0010 0111 11011100 1011110000,
Con 011 01 1100 0111001001) 10110 101101- 11 quoe 10 0000011010 0001010 (poento 011.
. 0010010000001001010 100010 011100 10000000 1010011011 11 10110 00111000
1 0000010000, ohe 00 001 01000010100110- 010010,00010111.11 001. 1011111000οι
110 00000101οκ110 10 110010000 00001000110110 0 001110010000 000 010011, 0 001 0101111, 0
00010111, 10010110000010 1000110110 00110 001 000111001οι0 1101Ιο 10110000 ohe 011010·
011010 to 0010000, 00110000101010110 00010 100 1000111 presente 11001101010110001
0011010 010000 11 1100110110. 101 00001101 110 10110, neit 0000110101ιί 10 1000110 00111010·
non 1 0010 010 10 00100100 010 0110011 110001- 1010101100 001 0101 000 oi 0010110000 100010-
,10010000010011010001110101000010 000- uentu 0 1011 progressione deplt 001101
conone Donpoeo't 01000010 1001110110 00- 10111011 01’1010110. B. 11.
0010100110 non 10100110 111001(οπ000 0110 11 0100110, 001. 1101111. tt.
00100001010110000111010100001000010001 35 110111000110101011010110000100·
adogit: 1100000 1101000010 100110110 00- 00001 110011 quente- 100 1001111 1010110110·
0101010010 0001οο01000 1100011001000 0 01000 010011 quondo, 00010 001 001. (1011.
0011010· 01111 111 011010 0110110010010. 10 115 0000010 R 11.
01101000 egli? Non 10110 001010 orgo · (31) 11 1100110111 01 (0000 0101 010101 10000
tendo 0001 001 11 100011 0 panon 10001 00010000 ,1011101 10 1011000 volgato, 001
0000110100, 011011 01000010 1101110110 000 ambron 0110101 1110110000 10 quenti 10-
10001000 11 vitot 1111 octena, 100000000- sideni 0110 00 sonno 0101001101, 11 0111000101
010 01110010111001111101 0001000010οε1 ot 000 100 1000 101110 0110101 11 1010-
,010110100 le propositioni, 00001 0000111000 11 01101 0 11 0011001101 110οἷ111111 10101001-
.101100111010101101100110110.30100111101000 1110000000100011010011010001101110000001-
(11 1010 10 010011 di 011 0110111 1001010010 bro 1010010 111100, 0100001011000 00 11
10110 0010010, 011100110100010000010110- presente 010100 0100110100. Per 0001100000-
.00, come 0100010. Ρ. ne 10010 doro un’ 00011010 010001 periodi in·
(2¹1) 10010000 11000101001010 quello 0110 110110, png. 115, 110. 30001.,101’110111101
110000 11 buono 10 0010100001 011010001 1100001010 00 001100001οω 010110 1010110101
...01101 ..1101010011
nime [0011000110 101 seponto 11000110, 000001010. 111.
,0001 1011011110 001010 11001010 moderando (11) 0001010 10 00 11110000,001101 11010,
1100010 0001111001 101 11000001 .010 111.11111.,11011. 111, 135 0000010101,
10 11 11010, che 111010 mostra 011 0 01. 0110. 11 1110010011 0001010 oe 1110000.
101011000101 1001110110.οωοω 10 01000000 n. 11. . ι ,
’1111111111ξῶἳᾶ We ‚tttttttt‘ttttttttnttttt
000100101010100 10 00101011 0011011011, 0100110110 1 000, 01. 01. E. 11.
0000110100 0001000010 10110010110010001 (tt) 11 001. 1111110 0001 0011 00010000.
10010 01001100000000000100011 antonno ΙΙ 11101001 mulmento: 0001 000 11010000.
,101001000001101’ἰο1001010111)01101001000 101- 10 pn. 01. 001 1001011101 non 011· 0100110.
10 00100001010110101010101110101010011- E. 11.
mento. 1. (to) 11011001101001. Pontem.
(2110110010 010 1110000 0011101101000 101 (11) 1110111110 001 0110000010, 1110 101101.
11ίο01001, mn 01 1 001001101. Uele, 1. 111100001011. Ι.
0001 1011. 13 0 1 5 0111000 0000010.
B. 11. · 00101000 1111.
(21) 000110 00110111 0001 00111 10110110
volgato: 1101 0001100 1001110110 at 01000000 (1) 11 001. 110111. lege: 010 00001, 000010
0010 1011010 10110 0101010 00100 1011101· 01000000 000. 11 1110010011 010 0000 1, 001111.
00010 01 010 0110101010, 1 00100011 11110 0001101111110010 00110110 come 1101101010
000. ΙΙ [tinniet 10 01010 00110110 primo 11 10111000 00010010001111.
001. V. 10011. 11. 010. 150 100010. tt. 11. (2) 1 001. 101. 1111106011. 1311100000
(30) 110110.1110111011000000110100100- annotantem pontoponto 000. tl. 11.

0 1010 1110001 00100 1000100011 1000010011 (1) 101100110οο on 11 0101100001ιο ,

 

