9⁶ .

01 111111111111, 1111111111111111111
Per 1111111111’111111111111111111(1),
the dove (1) giugni 11111111 presumo:
Insegnatemn 111) ch‘ io 111 manaan :
1111111111 111111111 1111111111(1);
E 11 111 11 (1) 11111, 111111111111,
1111 1111111 1) (1) ove 111 gente villana:
&affl lt'loffluffo'off 1ξέξὲ mse (1),
111111 11111111 11111111 1111111 (3)
Tu 11111111 111111111111111
11111111111111 1 111 (1) come 11 dei.

1211110111 11.

1111111111 11111 11111111 111ν 1111· owe 111
11111 uua 11111 1111111111.

11111111 1111111, 1 1111111111 11111 (1),
111111 11111 11 gentilem 111111,
Era 11 (g) ov’ io 1111111111 111111 111111.
11111111 111111111111 1111 11 11111111(5),Ι
Ed 1111111111 11 1111111111 (6),
81111111 111 111111111311111111
Ed altre (11) 11111 che 1111111 1111111
ni me per quella che 11111 pingia,
1111111111111111,
Ed approenrsi per 111111 (1) 1111111 (1).
Qun! dicen: non dormire3
11111111111111111111111111111111
11111 1111111 11 111111111111,
(1111111111 1111111111111 1111.

Era 1111111111111111111,
11 1111111 1111 ’1 1111 1111111 (1),
Ch‘ 11 1111 inicum 111 mio core3
E 111 111111111111 1111111111 (8),
Ch’ 111 111 viso 1111ςί1111 11111111,
111 111111111111 1113111 Amore:
Egli 111(1) 11111111111111111111,
(11111111 11311111111111111111111
neh consortium (11) 111111, ·
11111111 11111 111111 1111111111)
Ε 1111111 11111111
che 1111111 (9), 1111 11 111 lui 1111111

&mmmm

mm umen!

1111111111111111111111111111,
111111111111111111111,1111111111;
11111111111111111111111111111111,
1111111111111111111111111111
11111111111111111111111111111111.
11))111111111 marrim-to 111111,

ch io 1111111 gli 111111 11111111 11111111

m 1111(1) 1111111111 (11)

Gli spirti miei, 1111 11111111 gin orando:
11011111111111111111111),

D! 11111111111 11 111111 11111,

visi di 11111 m’ 11111111 1111111111,
1111111111111(11)Ἒ1’1’1”1“(Ρ) (¹³)-
11111111 1111111111111111111111,
Ed 11111 mi 11111111 11 11

(111111111111. 11111111

evadet 11111 undar per 11 11111111(

0111 1111111111, 1 qual truendo guni,

(1111 11 11111111 1111111111111.

1111111 11111111111111111

1111111 (111) 111111 1111111111 11 111111,

(111118111ξῖ1ξὲἒῦὠῶιῶ 1111111101),

1111 11111 1111111111

Ed uom 111 parve 1111111111 11111,

1111111111 1111111111 111 11111111

1111111 1111111 1111, 111111 11111111.
11111111111111111111111111111 111111,

Ε 11111111111111 1111111 11 mm

Gli 1111111 che 11111111 11111 in 11111,

Ed 111111111111 11111 1111111,

11111 (18)111111 gridmn 111111 0111111

E 111111111111111111, 1111111111 (19).

11111 111111 1111111111 111 111111)

11111111111 111111 (11111 11111111. “

11 1111131111 1111111

11111111111 11111111111111(1) 1111111

11 111111111111 111111,

1111111111 donne 11 11111111 1111 11111
1111111111111111111111111(1),
1111111111 11111111 11 11111 pace.

1111111111111 11111 (1) 11111111,
11111111 11 111 11111 1111111 11111111,
11111 111111 111111,11111 111111 1111311)
Tu 111 11111 1111111111 gentile,

1111111 11 111111111111111) 1111111111, 1111111 11 1111111 11111111111111,

(1) Che 11111

1111111ἱ 11) 1111111

(11)1111’11111111 (11) 1)*1111111, 11111111.
(1) 111 (6) 11111 11 11111.

11111 1111111111 1111111 (1)1111 (7) 81 111111111111111111111111111111,11
(ς) 111111 1111111111 1191111111 morte. 11111.

(1) Ε 111111
1’ augescit 1111111111

111111. 1111 11111111111111111

1111111111 (1)11111111 1) muron 10) 01111111111.
(ρ) se’morto: 1111111111 (1)1111111111 11 1111111111. amanili.
11) 11111111 (1) 111 11111111 verace-u· (12 11111111111, 1111111111.

1111111 111111 (1) 11 1111111 11111 11111

11) 111111111, 11111111.
(2) Non 1111111111.

(1) 8111111. 111111.
(1) Di giumo 111.

(13) ’1111111ιί. 11 1111111.
11111111111Ῡ“““1““’··

(18) Οκξὲιηῇ.

(17) 611111111111111111111111111,
(18) Daetro. (19) 0111111.

 

